2,0,1,7,",",0,6,",",1,8,",",1,5,",",4,4,",",5,3
0.0
30.0,0.0,3.05,0.0,0.0,30.0,1.49,0.0,-145.0,0.0,-140.0,0.0,1.0
0,40.0,41.0,42.0,50.0,75.0
-5.0,5.0,-5.0,5.0,5.0,-5.0,5.0,-5.0,620.0,13.335
-5.0,5.0,-5.0,5.0,5.0,-5.0,5.0,-5.0,620.0,13.335
-10.0,10.0,-10.0,10.0,10.0,-10.0,10.0,-10.0,475.0,13.335
0.0,10.0,0.0,10.0,10.0,0.0,10.0,0.0,475.0,13.335
0.0,5.0,0.0,5.0,5.0,0.0,5.0,0.0,475.0,13.335
0.0,5.0,0.0,5.0,5.0,0.0,5.0,0.0,600.0,13.335
0,30.0,75.0
0,90.0,75.0
0,30.0,75.0
0,5.0,2.0
31.0,40.0,41.0,42.0,50.0,75.0
